-9.184818762030726256e-04
-5.236194503910997222e-02
7.619176329650050386e-03
5.674805186225315157e-02
6.299614705997605424e-02
3.922681266635178604e-02
-5.572249036688258633e-02
-9.368952144786862890e-02
5.344846231714488888e-02
1.462531416536970441e-01
-4.716714706612047669e-02
-9.423482274489794475e-02
1.036727335216286461e-01
2.008938430162968136e-01
1.392135633558426178e-01
-1.164849992218347785e-01
-5.212867489746026220e-03
-2.390737651255567947e-02
5.035319820188921547e-02
-1.274647405343523054e-01
-1.697142594880676481e-01
1.266312832885382877e-02
-1.342942152186296367e-01
-2.157195262538904451e-02
1.012983486749473166e-01
-1.186945884321143341e-01
3.007946607759902358e-02
-7.047757693730875850e-02
-1.902313071199973615e-01
-8.570384336245841228e-02
5.170163687943080122e-02
7.210577948376241386e-02
-5.292930092222577175e-03
-1.492004083072354104e-01
2.399781058199236886e-02
-2.324493487050094398e-02
-1.217176637796765770e-02
1.586257005002951193e-01
1.392217283220182344e-01
1.624857319691028201e-02
-2.002843517883307889e-01
-1.535855238755758426e-02
-1.069363853884527371e-01
3.629597475333340428e-02
9.681780358980940360e-02
1.475546168016468596e-01
-1.236934797320805579e-01
-3.186958560635207854e-02
3.859095352282188029e-02
-3.740418037198412621e-02
7.603049394199451472e-02
6.635910950842481559e-02
-3.996525744667142610e-02
-1.170265871217985865e-01
-7.932302915661415543e-02
2.985543720007986790e-02
-4.962624016066367882e-02
5.776356719289800490e-02
7.419718860609134103e-02
-8.481685950465765733e-02
-9.469265461295971187e-02
1.882787987758210990e-02
8.473724271884147327e-03
-2.354771098447182021e-01
-1.277690062190365017e-01
8.365344757370203610e-02
2.216422507975044087e-01
1.183101360955130243e-01
-1.933805081110234469e-01
6.704362052560315643e-03
1.930777448950016240e-01
1.684711887574404376e-01
5.520195858852055409e-02
3.569041664529076091e-02
-5.743192257634129050e-02
1.013406009845794209e-01
6.337626563826438686e-02
-4.661838206437050186e-02
-2.287649898630371159e-01
1.144104009201235145e-01
-7.386766065438636619e-02
-1.509120529689589318e-02
-5.636505470162326420e-02
1.372590394105299705e-01
-2.178259698604367856e-01
-1.120888348360518649e-01
9.831826657969902628e-03
4.032125884207626160e-02
1.888263903082598727e-02
1.884132688057434980e-03
5.141425907323755873e-02
-1.351125325659559284e-01
8.372306294121856229e-02
-7.717202099477135646e-02
7.465891922916614853e-02
2.924165061720704339e-02
2.293665806157070206e-02
1.252779023828516081e-01
1.818223105377967386e-01
-5.845107559348916570e-02
-1.248368977945185920e-01
-1.046838464900728821e-01
-3.087001608472018238e-02
-2.220487172780610807e-01
-1.544776299170491640e-01
-2.983709226930043867e-02
-9.171953559182489946e-02
1.856138063493592213e-02
1.083437542857707686e-01
1.631634286002492662e-01
-5.582023301849384223e-03
-4.614901226035332538e-02
-1.036693167848681957e-01
6.103854084890264660e-03
1.355321028720915359e-02
5.134223985826330550e-02
-8.729745021172991004e-02
-6.139952704896436964e-02
9.024395518093560054e-02
5.184352657563083555e-03
8.850240433082545710e-02
-5.286080549289169650e-02
-5.968623414740619609e-02
1.709929609155237396e-01
7.820788428871729148e-02
1.679874278789427466e-01
-3.774817782325157883e-02
5.352949042089760051e-02
-5.124755184398346874e-02
4.913544272359598314e-02
1.776978184715968245e-01
-4.806886436404775309e-02
7.490218058939990264e-02
1.139412598786466585e-01
-1.392216673864290211e-01
-5.608710397685526261e-03
2.222699568954343216e-02
-1.082611952196460142e-01
5.209339061696049988e-02
-1.107720897291273321e-01
9.451042980808019300e-02
-9.296155703459833830e-02
3.498273968726285654e-02
-1.044174730058444328e-01
-2.597888075668905103e-02
-1.598939797169197366e-03
5.657363211026032040e-02
-6.585870507013914799e-02
-3.772786171065757588e-02
-5.137658959182882928e-02
1.104712879457449282e-01
8.604666519175414863e-02
1.335633689525181911e-01
3.629486736148278964e-02
-5.834529796578458161e-02
1.052694543165456909e-01
1.541758713199531672e-01
7.914748101309412864e-02
2.010347788410910275e-01
2.050758134585701775e-01
1.171208171030925678e-02
-1.179379302338313118e-01
4.147088363220596124e-02
2.862111423645751287e-02
-3.664674321865789980e-02
5.444906043549751357e-02
-1.009370673726370585e-02
-1.063077798086273368e-01
-1.437691124207823683e-02
1.990720441234347104e-01
-1.559491755303829830e-01
-2.284006535440587932e-02
2.178008593331475784e-01
6.765975817607236716e-03
-5.380032896017224175e-02
-2.511611196090677428e-02
-1.221805600701853511e-01
-3.650127396400417584e-02
-7.534924395349396065e-02
-1.157504517685085804e-01
1.755657500309907859e-01
-8.359867745657705712e-03
1.235687235752504221e-01
-2.247979721029079447e-02
5.367420926783505325e-03
-8.148967608357930714e-02
-3.975173362346775402e-02
9.786689377238097509e-02
-7.027506139787323414e-03
-3.070373549752831305e-03
-6.032383030730428808e-02
9.332350559660013145e-02
6.052884310458281347e-02
1.137027701088275979e-02
2.831063246654206278e-01
9.495833827978175656e-02
4.436730414622642310e-02
-1.199535741459313298e-01
7.901835905669532534e-02
-5.497796384305345119e-02
3.715369967933067341e-02
-2.282147754237071752e-02
-3.138095853419210074e-02
-7.160890503831687792e-02
-1.141513604085945960e-01
-1.599792148046551288e-01
-7.515900600224079131e-02
1.086898298740163367e-02
-1.027266848709369393e-02
-2.117536486596604053e-02
3.602970270500119310e-02
-7.272918084268867323e-02
-1.080647220274547488e-01
-4.434791629796075441e-02
1.293795363145783528e-01
-2.659044350160085293e-02
-1.346025588278469409e-01
1.135308139840906505e-01
4.879178085546290872e-02
-3.203933391021601337e-03
1.797263630691727995e-02
-7.925688109919334923e-02
-1.552054870424908473e-02
-1.823379865246205211e-01
1.384572417408887479e-01
-1.974774845761553821e-02
-5.326883842452367207e-02
-1.577908968786878863e-01
9.684355639568278939e-03
-3.787210468566886562e-02
-4.314897558050240223e-02
4.026082376582829081e-02
-2.591353435710834763e-01
-1.219376145363131048e-02
-6.911310035035973798e-02
1.112061856441882469e-02
-1.763598304271197792e-01
-1.672637756877866366e-01
-1.953571409448429108e-02
5.607356681579783730e-02
1.171975231362308023e-01
-2.465984264982389318e-01
1.133425283885833440e-01
5.050421356253775862e-02
-5.461719390487206754e-02
-2.854843382348687050e-02
-8.997581203915196169e-02
-1.260282819404481836e-01
7.667002931585965853e-02
5.797583128536620140e-02
-1.152270955922489182e-01
-2.016529317458289235e-03
-3.158395235670082707e-02
-1.342607283000520416e-02
2.099434842628971065e-01
-2.127880626601976466e-01
-4.813443968886219060e-02
8.921784482517863824e-02
5.030924795181943715e-02
1.721894555820703276e-01
5.565457039064077016e-02
-4.392621168077822519e-02
-2.561571507618712884e-01
-3.241460418729243814e-02
9.980797232830396215e-02
2.595106533854166786e-01
2.266675312334355888e-02
-3.328088528174748262e-02
-4.256999873786858433e-04
5.011370048580023051e-02
5.500926758599997135e-02
7.271480276959189915e-02
-1.366292259040549351e-01
-1.272551376120488464e-01
4.264451472098947440e-03
1.637882065948877697e-01
-1.198559329843737892e-01
-9.673567999508392301e-02
-1.197028719163804877e-02
3.047574523918636369e-02
-7.164695219634545365e-02
-1.353804837618323431e-01
8.558905727226860660e-02
9.354655817860359213e-02
2.615815430868542735e-02
-3.929357515796837175e-02
-5.529804687328274820e-02
1.772121805239126047e-01
-3.200885136709404749e-03
8.893722011724181087e-02
6.768345833182402849e-02
-6.242469633150661730e-03
4.696932536743587266e-02
5.019585399358438699e-02
1.357493110197472153e-01
-2.041349900746968274e-02
2.420877872249849183e-01
-1.487715005841935001e-01
1.780902973879989748e-01
9.106955330326210740e-02
7.095802189290026374e-02
1.212063847574504916e-01
-3.377499785922490755e-02
4.839353038896777870e-02
-2.142103876040965249e-01
-5.634371850944580595e-02
-6.180652036338712269e-02
1.483743133703367967e-01
4.900497202810157049e-02
2.847344554174639081e-02
1.475933834124858179e-01
8.952167364001173411e-02
-1.023916468770906252e-01
1.428729161496321114e-02
-1.877938985637329569e-02
-1.214536147846998759e-01
4.788377050313946670e-02
9.508830113383086313e-02
1.307203995734240176e-01
-1.112746174349611983e-01
4.072881240467908504e-02
-1.512111156662927780e-02
4.026824233203523534e-02
-5.506486226168801068e-02
7.435391353215493881e-02
5.114221843456008554e-02
1.688676832330607835e-01
2.149054069866881272e-02
-6.721913726237510600e-02
5.368879606329665655e-02
3.581841474450039170e-02
-4.221274026983913574e-02
8.482640419192100101e-02
9.354063535879186819e-02
-9.527561995256717681e-03
-9.311929728188056421e-02
1.704388730971230850e-03
-1.723529882520215663e-03
-8.226974238040805562e-03
-8.778421121394552884e-02
1.105952445142135421e-01
-1.765173699420068965e-01
-1.907306077993461968e-01
-1.273287842121343660e-01
-4.916588535703222268e-02
-4.959935540477916627e-02
6.422092606933188508e-02
-3.448398908803522733e-01
-1.244662574906226643e-01
-4.697751831836284760e-03
2.198902000764414444e-01
3.035954657089783015e-02
4.553898737589648360e-02
1.873910409174286140e-01
3.716179196901381321e-02
-1.004245543128568924e-01
6.880181627372931874e-02
-3.749421926475395711e-02
-6.513635808518307424e-02
-1.961321213561601773e-01
2.006341410332661557e-01
1.253168753806284570e-03
1.642483059128558784e-02
1.251776900926581948e-01
4.062784334578801136e-03
5.309423436601622831e-02
-6.590584116623224298e-02
-1.147040091387637427e-02
4.523179175950511888e-02
-2.517645408662475687e-02
-5.504778400359919277e-02
2.373823358738815295e-03
4.424336239024745376e-02
1.268236800404903275e-01
4.019854791668664440e-02
-2.731265359076948118e-02
5.191121125186470148e-02
5.187839847602317145e-02
-2.009222602237077104e-01
-8.073343817331609968e-05
-3.060650998830748148e-02
-1.846617043064056538e-02
-3.114372536471953223e-01
-5.933906302894433049e-02
5.080324061254646445e-02
9.522128493048709341e-02
-3.630610770896799261e-02
4.035472421362276685e-02
-2.163027207842982413e-02
1.273389933660371703e-02
-2.927870778178663994e-02
9.052863146799763894e-02
-7.559225393080594435e-02
-1.395221554507158901e-01
-9.738589673814282421e-02
-1.426555388020282200e-01
-8.454066429986573095e-02
2.459542327582897765e-03
-3.824182075937967301e-02
-1.677768305878855615e-01
1.180058331935237154e-01
1.807711641199132371e-02
-1.997079289594198004e-01
9.284794144963327833e-02
-1.739077533640790985e-01
1.133983296040628475e-01
-5.271727348627628512e-02
7.868832147810489452e-02
2.058104088250993502e-01
2.541983560251451224e-02
2.542040212889818962e-01
-1.400885927098976802e-01
1.750267970054859498e-02
-9.378170237246473417e-02
-3.202796164333659296e-02
9.421508878984022339e-02
-1.638656911785020265e-01
1.835688438725102678e-01
8.399635507780495516e-03
-1.928944175433663366e-01
-2.036296379659935374e-01
-1.567234405145551401e-01
6.344025021795644814e-02
-8.631817934250211877e-03
5.781755004044108331e-02
7.232698498221405703e-02
1.084947659456900748e-01
1.708343340414309602e-02
5.287401400071703450e-02
2.096000591339589048e-02
6.382129216506200742e-02
1.346664387867737289e-01
4.526981688294838546e-02
1.471427924428705125e-01
1.188535805196695716e-01
1.316601131949538261e-01
-1.652557271706359132e-01
2.128321098400109967e-01
5.203768941637785389e-02
2.847830026921121735e-02
-4.597447052791679006e-02
1.064179889670000545e-01
6.080286025370430780e-02
-5.317579312425157329e-02
3.898189163768740750e-02
-4.461259075363212950e-02
4.975319813433543709e-02
-1.054276598408755011e-01
-1.882735505381824548e-02
-9.286944010245495873e-02
-4.751410634111723902e-02
1.064606032347633069e-01
-5.008046502938793415e-02
5.643948412718137464e-02
-1.034287939680856722e-01
3.463988088178827918e-02
1.379801413333127669e-01
-5.020615466997310761e-02
7.515628389276433896e-02
-1.526703264847938113e-01
-1.651040274755547765e-01
-8.908421654331248607e-02
-5.802685852161015845e-02
1.563396815965789610e-01
2.588554548154007456e-02
-4.857715009998266747e-02
-1.134848543931154946e-01
5.259773714055844540e-02
1.265996954735556235e-01
9.890534081985363768e-02
2.280548648429250869e-01
-1.243589729024884294e-01
-2.456855319038106847e-02
1.255305910758804100e-01
1.331168598050136431e-01
1.732711243045896854e-01
2.325588379158800845e-02
-1.522423180703874057e-01
-7.438612684032759603e-02
-1.766795381491708672e-01
7.391631823473286678e-02
-7.532567567946577003e-02
4.315926919651613680e-02
-6.795110159421573366e-05
2.964368162157585834e-02
-5.853863512837415017e-02
2.781520885963050319e-02
8.779373388989118732e-02
-5.947323604177343764e-02
-9.139145111004454147e-02
1.084964082738433620e-03
-2.243372780794297694e-01
-2.242928109161639316e-01
1.064123578195273895e-01
1.003435495087299234e-01
-2.692016787442929118e-02
-6.941456136547634326e-02
3.479374539208093114e-02
2.962226606700638781e-02
5.804641008806769170e-02
-1.223047148873227380e-01
-1.856479383848513298e-01
-2.053120582771207348e-01
4.591652815059302922e-03
1.070957523830871547e-02
-1.363172669961047745e-01
-3.348752961017124191e-02
2.886482225622366213e-02
-1.033924591873811027e-01
1.993249410964851032e-01
-6.482740801104477923e-02
1.110671416823719310e-01
1.202273462103570917e-02
-4.523199835231201532e-02
-2.872657345749880797e-02
-2.209837286188082520e-02
-4.124335515642733180e-02
4.638277113131721030e-02
1.861959175468913888e-02
-5.372847558778318794e-02
-1.853655612609086678e-01
-1.363419189250014187e-02
-4.383376154719286627e-02
-2.263772539879986001e-01
-6.278618928716039882e-02
-6.258134204093608599e-02
1.372638582546389097e-01
1.804996214515862951e-01
-4.279526139677980630e-03
8.571112912315123492e-04
-9.720756468445865273e-02
-2.177617142123217109e-02
-5.344111413828677576e-02
2.597083141768007919e-01
5.542433312791248540e-02
-4.151565547896712664e-03
9.384599575051938425e-02
-2.388273472641710277e-02
1.025991959658491617e-02
2.489516923234114457e-02
-6.493324088492961887e-02
4.402929338904285061e-02
-1.983032185607621622e-01
1.834534503779792700e-02
-7.975465751165239370e-02
1.210418980289961199e-01
-1.185480644123633742e-01
-7.480285994021647344e-02
1.052588070239663526e-01
7.896478082124123998e-02
2.600942677111255444e-02
1.414325609749527424e-01
9.840373512002727197e-02
-1.059376369395195749e-01
3.770145329845475679e-02
3.133748309502622231e-02
8.862552741885848864e-03
5.306328382190039078e-03
-5.316745091982686550e-02
1.012116928133112159e-01
-1.844012391877679000e-02
-9.434699610484106880e-02
1.416968477268938653e-01
-7.390566118391488082e-02
1.842393248200957165e-02
7.211427242879681065e-02
1.003472225852306138e-01
-4.102549269437921753e-02
4.136524046267817112e-02
-8.194721249561419396e-02
-1.271583163913840020e-01
1.618419542569203562e-01
-8.707414267933721863e-02
-8.776108000055887759e-02
-8.712800860654318358e-02
7.764924502023490271e-02
-2.767006324065332534e-02
-1.120007947868897555e-02
-1.353114702437829275e-01
5.473789077324066332e-02
-7.439467885858094820e-02
-1.223684136079510043e-02
5.272111271996531706e-02
-1.775132653045597905e-02
1.545061914537169435e-03
1.082797880990378839e-02
7.650598884082292217e-02
1.549204513760735202e-01
-5.571157422071026238e-02
-1.010481110124179620e-02
-1.183007137360306826e-01
1.267868113971627464e-01
-6.969246010173059391e-02
-2.327235635943020187e-01
-1.932744481585335905e-01
4.238686197589169868e-02
-1.234863048217354625e-01
-3.246045665819674575e-02
6.347825665636151748e-02
-1.653618595935498481e-01
1.036814982393099716e-01
1.462526513885504531e-01
3.423304160119320511e-02
-1.100554049609409057e-01
-4.702605286909294913e-02
-8.984973029031551039e-02
-1.548649680992090875e-02
-4.944760085463076327e-02
-4.425266288701130979e-02
5.613052346501309908e-02
-1.104926534957649670e-01
3.511820481848599435e-02
-4.620325091178401067e-02
1.571675341286525862e-01
2.412686593616973282e-02
3.261842715630997036e-02
5.111679289424252842e-02
-2.066634901711794300e-02
7.752793512939919196e-02
-1.890551262141841951e-02
6.587915107871752073e-03
1.772179062402612637e-01
6.544501257531813720e-02
4.672740430224137098e-02
-9.303680287180837727e-02
-9.895173024320904828e-03
-4.669371890979415532e-03
-8.546941823889354917e-02
-1.332420522243298600e-01
-1.159449413247767291e-01
-5.149129198727665779e-02
-8.781675117765480598e-02
-1.207414567428334307e-01
-2.321943417339158381e-03
6.007091345496411855e-02
-8.502465618971719041e-02
-1.191405223706672456e-01
9.988196567458409655e-03
1.672453290278543836e-01
-1.886953312238223990e-01
2.592879198904309446e-03
-7.792246176221094556e-02
-1.164180442224354711e-01
-6.509788448429758290e-02
7.148714074178789957e-02
-5.987922943137394260e-02
6.153485352588577983e-02
1.419273076400327516e-01
1.157420355496630721e-01
1.112969947903113682e-01
-5.233522096548122449e-02
1.124617718128138044e-01
-8.684754705882377634e-02
-1.363868101649272080e-01
1.610164256947654582e-01
-1.468893747969117758e-01
7.770423961627566378e-02
6.410143557471351117e-02
7.123821265563511085e-02
-1.446814640922246820e-01
-1.100876925224636982e-01
-4.142639581437772278e-02
-1.326132154793109932e-02
-4.239838248535655191e-02
4.098199431148290967e-02
-1.809723070458389149e-01
-4.459701758892095635e-02
1.045878642394292533e-02
-3.681329738696990234e-02
6.766320701104786006e-02
1.374705597631847298e-01
3.102857253043381919e-02
-5.243693933848631028e-02
2.597439692228901281e-02
7.778213926475905510e-03
9.479552718926158306e-02
-2.385219961974857361e-01
-1.178894135966559037e-01
8.780848980766672862e-02
-8.314485867643059414e-02
7.212873171629741176e-02
7.996072047673856431e-02
-3.085645664161305868e-02
8.306178915417300468e-02
8.968436741391072609e-02
7.686204425501606818e-02
2.119820434628667538e-01
3.010848842925547067e-02
1.073788065165153932e-01
-2.996302344992887376e-02
-2.117125584970094843e-01
8.703577046222205071e-02
2.613778550704797324e-02
6.490398503371692940e-02
4.341125559449197230e-02
-1.493252802866512907e-01
-9.902870635779700836e-02
-1.504138916234251666e-01
-7.416670357906533784e-02
7.382864195131999541e-02
-7.913521784736797862e-03
-1.935596026566151553e-02
-3.173979682356101173e-02
-8.455680685951165454e-02
1.231018112013129370e-02
-2.219519703921519344e-02
-9.384289091914110870e-02
6.088268813405355723e-02
-1.061489698511884072e-01
1.467654778821779471e-02
1.571980486462208615e-01
3.915623911500030335e-02
-2.141589830833151575e-01
1.580634208897020720e-01
2.312410677360056399e-01
-1.948631491941261173e-01
2.513081466736769021e-02
9.573144699252625345e-02
-1.222012082846364173e-01
4.433414819697517606e-02
-1.485484318232083989e-01
-9.628839113405641970e-02
4.458773013710343701e-03
1.274543372475649833e-02
1.290639116889461535e-01
-7.180502933965807535e-03
-2.208420611283762602e-01
1.105383303165139025e-01
1.389500033119844269e-01
-4.987115450959755947e-02
-3.007995731419031010e-02
-4.864560324085239612e-02
1.779789240562240638e-01
-4.135580990371441612e-02
1.702303272771516982e-02
-9.971524343173285287e-02
-1.453094340486976201e-02
-5.190651277834365529e-02
-1.342843986326811012e-02
2.268686616736765582e-01
-9.647416673231665185e-02
-9.212665037932085688e-02
1.457169979584565511e-01
1.075344433328798144e-01
1.598425875829597997e-01
-2.066610751411976643e-01
-1.698786440838965725e-02
1.863252858429310585e-02
2.681657837383716880e-01
4.115727128507462584e-02
-1.403455647974016264e-02
-5.064309948916622534e-02
-9.676945460140351507e-02
1.185482558622535793e-01
6.199438290482894159e-02
1.615238423599054673e-01
6.813255326075040585e-02
-1.011634278528558140e-01
-4.027348226121166275e-02
7.131548437577818478e-02
-5.101756939401538155e-03
5.598271349623748505e-02
-1.532495660186185549e-01
-9.850303137982485691e-02
-2.054158226914944152e-02
1.082986832024974699e-01
-9.124723509152469700e-03
-8.898088968707718038e-02
-1.506108206478115885e-01
8.534057283139089012e-02
1.127451404877788388e-02
-2.761644101555913583e-02
-2.157657124046645780e-01
4.663369868021915998e-02
1.019744678863351572e-01
5.460197333411757198e-02
7.993826708538508130e-02
-1.977580137817980255e-02
3.619055931933019832e-03
1.231288285719636111e-01
-7.101132099919750529e-02
3.816827212276341363e-02
-8.229690804160795514e-02
-7.478794975805999612e-02
8.930065980235139811e-02
-7.711719460120385061e-03
-1.200468375904711338e-01
4.880007118964387741e-02
-2.106818902932219503e-02
-2.775960696912032066e-01
-1.332169069677567319e-01
-7.497527863393431413e-02
-1.330964582518565920e-01
2.298929351558737511e-01
8.990109644284172141e-02
3.166062392213503385e-02
1.783997295632329394e-02
-1.469905117863609390e-01
-1.059501279391403435e-02
1.151974208741013417e-02
-6.570211497985992133e-02
4.814850203444819010e-02
-4.515207383640911822e-03
5.725921687749715994e-02
-8.861564012683281755e-02
8.299658870590428950e-02
-1.128787192690101499e-01
1.150795194094219043e-01
-1.066269257908849383e-01
-5.381342864178859098e-02
1.253958836590400062e-02
5.389345605792845995e-02
-6.777462858684195346e-02
1.181575015446081900e-01
7.635676600636985556e-03
1.083976299927971454e-01
2.859412705372574304e-02
-3.769985460218378687e-02
-1.542658745922490804e-01
-1.432214196526730189e-02
-1.057870358101778603e-02
-1.808080413450698920e-01
-2.440454997938695803e-02
1.664400139354116348e-01
-5.493708003641126214e-02
-5.567372795035507860e-02
8.261264733332107646e-02
1.286166981125370645e-01
-9.382828356880133780e-02
-3.936693716431580170e-02
1.905317270723303480e-01
-2.409174147067839611e-01
-4.915013653616608774e-02
-1.396574681831413423e-01
4.285437688635797965e-02
-1.626919418016218449e-02
-1.219595483102357686e-01
-7.275971547453084776e-02
6.701883554393325837e-02
-4.844898446606651227e-03
6.600225320649515115e-02
-1.081663108032492309e-03
-5.234639846775789723e-02
-3.768213116644780064e-02
-1.006737261492272051e-01
1.077047825773006472e-02
2.560968456762258150e-02
2.023210039576356020e-02
-1.064162989223324529e-01
3.203352201865343474e-02
-1.059505106531720281e-01
6.272508348471965423e-02
-2.812055042086513204e-02
1.970140569137497980e-02
5.529230638924608615e-02
-7.321633352441053733e-02
-7.166762240793633776e-02
1.294652092894026663e-01
-1.790725769130776246e-01
4.060405308786361328e-02
1.043905992772114211e-01
-5.890663609230395448e-02
1.602917205471695583e-01
1.145744798156768385e-01
-2.716570973510569476e-02
6.335374511850588863e-02
6.151843645676799421e-02
-2.649255784386484597e-02
-1.263191595845539472e-01
8.951128571695216030e-02
6.660020524564763678e-02
8.641012825312111012e-02
-1.474365727702352941e-02
1.825208900208802332e-01
1.009845421331543869e-01
2.452587805032909948e-02
9.613760064754023338e-02
2.060865201512901423e-01
9.648709931578640722e-03
-4.673454762800832024e-02
1.450935013405481311e-02
6.760621780230532951e-02
8.927524175826118125e-02
3.794018223085946634e-02
-2.050704234213524685e-02
-1.239770321200566183e-01
-1.182760870683854659e-01
-2.267986053236920319e-01
-2.663519854322787817e-02
9.469348568138979960e-02
-6.300734485746546654e-02
-1.636893667889911808e-02
-3.211208344892004657e-02
-1.660351336463518623e-01
-2.865862767791391152e-02
1.335458372774773195e-01
-6.703813496606084166e-02
-7.484523924293592922e-02
1.607019985324031897e-01
1.213753615139114422e-01
-1.089169240152902396e-01
5.501241238147713125e-02
1.302844898499840864e-01
9.762367455747814060e-02
-2.519198102614486623e-02
-3.730413144394902764e-02
2.175514608182381113e-02
-1.094907309686008051e-01
7.645960588384782819e-02
7.282186995872534652e-02
8.867054774078895682e-03
-1.404142412859159250e-01
7.230098806001954148e-02
4.075137147658181719e-02
-5.427110703375830764e-02
2.184868005711266825e-01
9.008383379932295709e-02
-8.342574442588171491e-02
-5.141186566736594132e-02
-1.071615393052738896e-01
4.603304573162447788e-02
-8.472200831218058836e-02
-2.189249909708661235e-01
1.631828526987825490e-01
8.302870201481292109e-03
6.333745091855503238e-03
-1.527028928308705735e-01
-6.074551019160669141e-02
5.963467361103855918e-02
9.950772196836366046e-02
-7.526858834363207851e-02
4.084232132536791404e-02
-3.891823396699917170e-02
2.048849188044447878e-01
-1.548387025391194383e-01
-1.029596773941099386e-01
-6.752340797133775385e-02
6.729651589772449316e-03
1.647404099927821941e-01
-1.032698788105089333e-01
-1.016824992910382308e-01
8.203417883340696770e-02
-6.530551171470680427e-02
1.029673801912606712e-01
-2.167797053078642650e-02
-1.093162624109000891e-01
1.567719179699671866e-02
7.687324597443971619e-02
7.455725635509094507e-02
-2.676070342443727379e-02
-2.388949301080380005e-02
-1.917724437193899650e-02
6.196120957110393818e-02
-9.054579376962978987e-02
-5.424075524033514922e-02
1.199347699153326119e-01
-6.239160491998833186e-02
1.680441499591219662e-02
-8.263820323510971677e-02
1.310235103725316541e-01
-1.119713857648130945e-01
-9.401852771061440517e-02
4.909857566262110229e-02
1.049935001549296559e-01
-1.401093298412671995e-01
-6.129739316974480018e-02
-1.816552619134270408e-01
-6.259065500418808936e-02
-1.838328994008315773e-02
5.846041187367955090e-03
4.032016290418542759e-02
-1.405209297336639518e-01
8.703310444911129332e-03
-1.498271184807154488e-01
9.596001205342241311e-03
8.761663128825170066e-02
8.811161719968335637e-02
3.597617851514185727e-02
-1.133989906600442049e-01
-4.749063142535137755e-02
1.788655428960155003e-02
-9.574904528808406146e-02
-1.534501574423852432e-01
-8.819386597119301119e-02
4.626332522636375510e-02
4.600800873171188160e-02
1.397774561309872154e-01
3.929369414003669458e-02
-2.797047381588154899e-02
7.258927881378469948e-02
8.707533288500182711e-02
1.241155781520151824e-01
-5.497561580705100787e-02
9.139643517060676639e-03
-4.754885757152537556e-02
7.123236985071743597e-03
1.883966141794152227e-01
1.086105958265517063e-01
-1.303208426162393296e-01
1.974973743210269722e-02
